0 0
1 0
2 0
3 0
4 0
5 0
6 0
7 0
8 0
9 0
10 0
11 0
12 0
13 0
14 0
15 0
16 0
17 0
18 0
19 0
20 0
21 0
22 0
23 0
24 0
25 1
26 1
27 2
28 6
29 5
30 6
31 4
32 11
33 6
34 18
35 16
36 23
37 43
38 38
39 32
40 36
41 46
42 32
43 57
44 47
45 61
46 83
47 80
48 75
49 93
50 80
51 121
52 143
53 224
54 254
55 331
56 416
57 460
58 564
59 640
60 705
61 658
62 782
63 734
64 738
65 785
66 985
67 847
68 1053
69 1003
70 1090
71 1228
72 1203
73 1353
74 1538
75 1411
76 1515
77 1776
78 1710
79 1312
80 1908
81 1607
82 1448
83 1507
84 1379
85 1306
86 1314
87 1336
88 1110
89 1158
90 1074
91 1054
92 954
93 837
94 889
95 1030
96 874
97 846
98 707
99 818
100 720
101 614
102 792
103 590
104 748
105 522
106 811
107 550
108 667
109 640
110 597
111 607
112 498
113 554
114 500
115 539
116 469
117 450
118 409
119 409
120 337
121 328
122 376
123 272
124 323
125 214
126 256
127 168
128 599
129 209
130 207
131 108
132 155
133 93
134 97
135 72
136 90
137 55
138 43
139 49
140 41
141 26
142 19
143 18
144 10
145 12
146 6
147 9
148 3
149 7
150 4
151 4
152 1
153 0
154 2
155 0
156 0
157 0
158 0
159 0
160 0
161 0
162 0
163 0
164 0
165 0
166 0
167 0
168 0
169 0
170 0
171 0
172 0
173 0
174 0
175 0
176 0
177 0
178 0
179 0
180 0
181 0
182 0
183 0
184 0
185 0
186 0
187 0
188 0
189 0
190 0
191 0
192 0
193 0
194 0
195 0
196 0
197 0
198 0
199 0
200 0
201 0
202 0
203 0
204 0
205 0
206 0
207 0
208 0
209 0
210 0
211 0
212 0
213 0
214 0
215 0
216 0
217 0
218 0
219 0
220 0
221 0
222 0
223 0
224 0
225 0
226 0
227 0
228 0
229 0
230 0
231 0
232 0
233 0
234 0
235 0
236 0
237 0
238 0
239 0
240 0
241 0
242 0
243 0
244 0
245 0
246 0
247 0
248 0
249 0
250 0
251 0
252 0
253 0
254 0
255 0
