0 3
1 0
2 2
3 0
4 6
5 0
6 5
7 0
8 6
9 0
10 4
11 0
12 11
13 0
14 6
15 0
16 18
17 0
18 16
19 0
20 23
21 0
22 43
23 0
24 38
25 0
26 32
27 0
28 36
29 0
30 46
31 0
32 32
33 0
34 57
35 0
36 47
37 0
38 61
39 0
40 83
41 0
42 80
43 0
44 75
45 0
46 93
47 0
48 80
49 0
50 121
51 0
52 143
53 0
54 224
55 0
56 254
57 0
58 331
59 0
60 416
61 0
62 460
63 0
64 564
65 0
66 640
67 0
68 705
69 0
70 658
71 0
72 782
73 0
74 734
75 0
76 738
77 0
78 785
79 0
80 985
81 0
82 847
83 0
84 1053
85 0
86 1003
87 0
88 1090
89 0
90 1228
91 0
92 1203
93 0
94 1353
95 0
96 1538
97 0
98 1411
99 0
100 1515
101 0
102 1776
103 0
104 1710
105 0
106 1312
107 0
108 1908
109 0
110 1607
111 0
112 1448
113 0
114 1507
115 0
116 1379
117 0
118 1306
119 0
120 1314
121 0
122 1336
123 0
124 1110
125 0
126 1158
127 0
128 1074
129 0
130 1054
131 0
132 954
133 0
134 837
135 0
136 889
137 0
138 1030
139 0
140 874
141 0
142 846
143 0
144 707
145 0
146 818
147 0
148 720
149 0
150 614
151 0
152 792
153 0
154 590
155 0
156 748
157 0
158 522
159 0
160 811
161 0
162 550
163 0
164 667
165 0
166 640
167 0
168 597
169 0
170 607
171 0
172 498
173 0
174 554
175 0
176 500
177 0
178 539
179 0
180 469
181 0
182 450
183 0
184 409
185 0
186 409
187 0
188 337
189 0
190 328
191 0
192 376
193 0
194 272
195 0
196 323
197 0
198 214
199 0
200 256
201 0
202 168
203 0
204 599
205 0
206 209
207 0
208 207
209 0
210 108
211 0
212 155
213 0
214 93
215 0
216 97
217 0
218 72
219 0
220 90
221 0
222 55
223 0
224 43
225 0
226 49
227 0
228 41
229 0
230 26
231 0
232 19
233 0
234 18
235 0
236 10
237 0
238 12
239 0
240 6
241 0
242 9
243 0
244 3
245 0
246 7
247 0
248 4
249 0
250 4
251 0
252 1
253 0
254 1
255 0
